# Created by Octave 4.0.3, Sat Nov 12 20:33:37 2016 GMT <unknown@Home>
# name: negative_examples_nobias
# type: matrix
# rows: 10
# columns: 2
 0.1 0.1
 0.1 0.2
 0.1 0.3
 0.2 0.3
 0.3 0.3
 0.2 0.3
 0.2 0.2
 0.3 0.1
 0.2 0.1
 0.3 0.2


# name: positive_examples_nobias
# type: matrix
# rows: 7
# columns: 2
 0.5 0.5
 0.5 0.7
 0.5 0.8
 0.6 0.5
 0.7 0.5
 0.6 0.6
 0.7 0.7


